# Add info here for slot controlled events
# format: [CID],[CTOT]
1863530,0900
1209908,0900
1851251,0900
1946517,0902
1465030,0902
1964496,0902
1317104,0904
1993327,0904
1524005,0904
1764872,0906
1400261,0906
1294355,0908
1705348,0908
1630515,0910
1268290,0910
1824896,0912
963882,0912
1877314,0914
1696662,0914
1778325,0916
1926907,0916
1645856,0917
811260,0918
1532989,0920
1185094,0922
1522534,0922
1881530,0923
1838111,0924
1967062,0924
1464362,0924
1328976,0926
1832709,0926
1976764,0926
1695110,0928
1901849,0930
1468953,0930
961452,0930
1911131,0932
1761645,0932
2022632,0934
2014401,0934
1910438,0936
1967097,0936
1712609,0938
1254272,0938
1917160,0938
1803172,0940
1640159,0940
1345087,0942
1862723,0944
1841054,0944
1718973,0944
1951542,0946
1651541,0946
1599347,0948
1711224,0948
1624385,0948
1591637,0950
1598856,0950
1438191,0950
2018233,0953
1200551,0954
1544744,0954
1555715,0956
1319728,0956
1884000,0958
1783925,1000
1935179,1000
1890493,1000
1798916,1002
1764167,1002
1908157,1002
1768498,1004
1537296,1004
1726749,1004
1797769,1006
1415776,1006
1889146,1006
1621596,1008
1937824,1008
1465322,1008
1749114,1010
1363350,1010
1663128,1012
1974927,1012
1843493,1012
1851160,1014
1413810,1014
988492,1016
1627035,1017
1757619,1018
1859759,1020
1616669,1020
1698443,1023
1970273,1024
1622672,1024
1828550,1024
1889868,1026
1612672,1026
1664753,1026
1660351,1028
2028174,1028
1986881,1030
1944220,1030
1806864,1030
1868931,1032
1801921,1034
1803435,1036
1601275,1036
1857036,1038
1208671,1038
1740169,1038
1538444,1040
1758364,1040
1683089,1044
1880268,1044
1229507,1046
1707142,1046
1766569,1047
1904274,1048
1578919,1048
1651465,1050
1882994,1052
1795594,1053
1637436,1054
1900866,1054
1567672,1056
1036504,1058
1544073,1100
1386930,1100
1310208,1100
1940042,1100
1873653,1102
1838257,1102
1414779,1102
1439311,1102
2028329,1104
1910438,1104
1489641,1104
1895947,1104
1617579,1106
1322852,1106
1772222,1106
811218,1108
1908169,1108
1445970,1110
1641011,1110
1573618,1112
1889425,1112
1074691,1112
1967661,1114
1306606,1114
1936867,1114
1891019,1116
1825192,1116
1950466,1117
1920325,1118
1940176,1120
1787947,1120
1558069,1120
1802586,1122
1786795,1122
1530346,1123
1812801,1124
1541456,1124
1879728,1124
1883815,1126
1794410,1126
1468757,1126
1739013,1126
1497037,1126
1984257,1128
1998321,1130
1870249,1130
1402296,1130
1921416,1130
1926287,1132
1582781,1132
1655603,1134
1694411,1134
1348297,1134
1455511,1134
1808198,1136
1348297,1136
1974866,1136
1960793,1138
1726253,1138
1965891,1138
1057073,1138
1372427,1138
1323698,1140
1776131,1140
1216811,1140
1790809,1140
1821525,1140
1798674,1144
1661302,1144
1898825,1144
1805750,1144
1808322,1146
1928593,1146
1577482,1146
1037284,1146
1608214,1146
1979165,1148
1689317,1148
1828733,1148
1369578,1148
1924945,1150
1441164,1150
1890021,1150
1504957,1150
1364954,1150
1920572,1152
1850135,1152
962757,1153
1779751,1154
1561981,1154
1901194,1156
1554466,1156
1885842,1156
1577815,1158
1114606,1200
1700636,1200
1652587,1200
1879872,1202
1500818,1202
1416225,1204
811566,1204
1540925,1206
1508984,1206
1948771,1210
1652360,1212
1713800,1212
1892139,1214
1700128,1214
1687836,1216
1884815,1218
1714050,1220
1553190,1220
1715701,1222
1610298,1226
1395491,1226
1715228,1228
2035381,1228
1894284,1230
1978335,1234
856636,1234
1634616,1234
1528863,1236
1951948,1238
1636720,1238
1866792,1240
1528028,1240
1852221,1244
1645359,1244
1544797,1246
1871095,1247
1750471,1250
1736865,1250
1711006,1252
1931303,1254
1590537,1256
1781658,1258
1852221,1300
1638761,1300
1925051,1300
1745683,1300
1489917,1300
2006906,1302
1543356,1302
1983128,1302
1731140,1304
1685739,1304
1198505,1304
2018319,1304
2001623,1304
1328786,1304
1681096,1306
2011444,1308
1941602,1308
1672094,1308
1696281,1310
1582055,1312
1690758,1312
1882054,1312
1908157,1314
1993764,1314
1984893,1314
1923528,1316
1502194,1316
1926028,1316
1266911,1320
1344759,1320
1312295,1320
1896793,1322
1579329,1324
1699621,1324
1700274,1324
2002785,1324
1891446,1326
1088292,1326
1946966,1326
1891257,1326
2025443,1328
1774165,1328
1543996,1328
1343696,1334
1514949,1336
2040682,1336
1714850,1336
1964134,1338
1190641,1338
1663486,1340
1586880,1340
1936968,1344
1808798,1344
868869,1348
1294355,1348
1929630,1350
1746489,1352
1868512,1352
1954043,1356
1986825,1400
1352287,1400
1745410,1400
984980,1402
2000370,1404
1362245,1404
1256701,1404
1986043,1408
1499148,1408
2009646,1412
1494747,1412
1392512,1412
1920475,1414
1985710,1416
1623708,1416
1880401,1422
1334128,1424
1705914,1424
1821764,1424
1930573,1426
1483012,1426
1905870,1428
1801938,1428
1649280,1428
1968441,1434
2021938,1436
2020023,1436
1729365,1438
1924836,1438
1718993,1440
881393,1440
1295812,1444
1422232,1444
1483909,1448
1567574,1448
1208751,1448
1673655,1450
1370583,1450
1548804,1452
1395547,1453
1988721,1500
1881530,1500
1961363,1500
1856901,1502
1049360,1504
1876832,1504
1506252,1504
1808198,1508
1584855,1508
1608214,1512
1544797,1512
967579,1512
1621596,1514
1945645,1516
1147203,1516
1737982,1522
1700274,1522
1625972,1524
1835400,1524
1399621,1524
811260,1526
1998321,1526
1809350,1528
1741852,1038
1665037,1043
1448757,1046
1495212,1052
1465573,1100
1848271,1100
1347745,1104
2003421,1108
1259414,1108
1401514,1112
1631681,1116
